  0.00
  0.00
  0.00
  0.00
 63.53
 74.73
 79.00
106.43
 79.47
 92.77
 93.20
 68.13
 52.93
 55.93
 49.87
 31.90
 52.00
 52.87
 44.93
 41.40
 40.57
 35.23
 29.67
 17.23
  1.57
 20.37
 13.10
 13.83
  9.40
  2.17
  9.87
 16.83
  8.33
 11.60
  7.27
 13.57
 20.50
 26.97
 38.67
 43.57
 46.20
 54.57
 48.40
 41.23
 46.37
 48.67
 66.50
 54.33
 67.17
 59.53
 67.63
 57.10
 80.57
 92.73
 95.30
 74.80
 54.10
 59.07
 56.67
 74.77
 40.87
 33.80
 49.60
 56.20
 53.20
 36.23
 29.40
 26.57
 25.00
 20.73
 24.23
 13.67
 19.87
 11.93
  3.87
  9.97
 33.47
 32.00
 35.13
 50.70
 55.30
 65.93
 64.73
 93.40
 67.47
 88.23
129.23
139.43
108.87
 68.13
113.50
112.70
 42.97
112.37
 75.87
 95.13
 74.27
 62.40
 61.33
 67.97
 44.93
 34.13
 23.23
 36.80
 55.97
 41.20
 10.67
 14.63
  5.33
  9.13
  4.03
  9.53
 13.20
 17.33
 13.73
 35.00
 40.17
 85.50
107.73
136.60
140.20
185.17
154.90
137.20
132.80
132.90
122.00
116.00
 88.67
 96.73
 88.57
 65.23
 75.47
 90.23
 63.50
 43.17
 42.83
 44.43
 38.33
 28.23
 31.13
 25.50
 23.40
 11.17
 10.67
  8.33
  8.67
 13.00
  7.83
 20.90
 29.43
 38.23
 44.17
 78.90
 94.73
113.67
109.37
120.40
140.83
157.50
136.83
125.23
139.50
122.07
119.77
122.27
110.67
119.73
108.93
 92.67
 77.87
 80.10
 69.57
 71.70
 60.17
 64.90
 61.67
 66.23
 54.93
 57.33
 55.50
 52.10
 34.43
 45.57
 42.33
 41.87
 30.70
 49.10
 24.63
 22.23
 17.37
 20.83
 20.50
 19.80
 15.60
  8.17
  7.53
  7.47
  5.33
  5.23
  6.13
  0.37
  1.80
  7.97
 11.97
  9.07
  0.70
  5.30
 10.03
  9.57
 17.33
 20.97
 28.67
 31.40
 35.73
 40.20
 45.20
 44.00
 49.93
 41.00
 43.43
 35.10
 42.57
 51.10
 47.20
 39.60
 41.97
 61.10
 52.17
 39.00
 41.57
 36.23
 33.77
 26.57
 26.77
 25.33
 11.27
 15.27
 10.13
  3.53
  1.50
 13.10
  8.80
  9.17
  5.77
  4.07
  0.30
  0.00
  0.00
  0.00
  0.00
  0.00
  0.00
  0.00
  3.00
  2.67
  4.63
  0.77
  7.10
  7.30
  4.07
 11.10
 14.00
 19.60
 13.30
 14.83
  9.63
 17.97
 25.87
 32.43
 38.07
 45.23
 56.27
 48.90
 36.60
 41.47
 63.50
 29.20
 43.90
 27.63
 27.57
 41.33
 28.53
 22.77
 19.07
 24.93
 24.13
 27.73
 16.77
 19.83
 17.23
  8.63
 10.47
  4.23
  3.90
  7.80
  5.67
  6.87
  3.33
  0.13
  0.20
  0.00
  0.17
  6.80
 10.83
  7.40
  7.30
  8.67
 14.30
 11.57
 24.10
 16.43
 24.20
 31.17
 37.00
 52.73
 46.60
 53.00
 48.53
 50.13
 60.73
 82.73
 60.33
 52.87
 54.90
 78.77
 73.73
 60.43
 69.63
 79.23
 52.23
 82.57
 63.67
 42.00
 46.03
 39.57
 47.20
 31.63
 10.37
 20.97
 12.67
  5.57
  8.10
  7.77
  8.97
  6.00
  8.07
 29.93
 17.23
 46.10
 73.20
 90.90
 98.13
126.33
106.53
154.83
166.07
135.97
131.03
120.17
123.50
119.57
 86.87
 82.67
 95.27
 56.73
116.23
 74.47
 78.90
 61.20
 64.17
 54.33
 27.90
 54.47
 35.53
 29.03
 21.40
 24.10
 19.20
 32.07
  8.37
 13.70
  8.50
 12.37
 12.57
 12.03
 17.37
 17.93
 37.53
 45.30
 30.83
 46.60
 51.20
 64.77
 69.47
 60.60
 64.40
 68.47
117.90
142.97
126.50
112.77
124.03
135.50
128.30
 88.07
 79.80
 89.17
 83.33
 58.57
 62.30
 62.27
 81.83
 60.77
 53.80
 61.63
 65.33
 55.73
 39.77
 55.67
 40.57
 40.77
 43.27
 31.50
 18.70
 23.87
 18.97
 20.80
 13.70
  6.27
  1.17
  5.63
  1.93
  3.90
  4.97
  6.47
  8.77
 18.57
 27.17
 36.40
 43.80
 41.40
 64.03
 70.00
 87.20
 87.93
102.60
 97.60
 89.87
 95.70
103.07
 94.53
 80.33
 81.13
 80.13
 67.13
 57.07
 67.37
 67.50
 44.47
 57.13
 45.07
 34.27
 39.60
 57.03
 44.73
 46.00
 40.03
 42.50
 32.50
 28.73
 18.17
 31.53
 15.67
  9.77
  8.20
  3.30
  3.17
  6.53
 16.10
 19.27
 31.47
 36.87
 62.77
 57.83
 84.43
 73.13
 80.57
116.60
157.20
140.73
141.30
118.93
133.20
 97.80
 94.93
 96.00
106.53
104.33
 99.50
 97.33
 56.30
 60.73
 50.57
 57.13
 38.27
 52.37
 30.83
 23.30
 21.50
  9.83
 13.43
 19.97
  3.00
 11.30
 10.80
 15.00
 17.20
  9.73
  7.70
  5.90
  4.13
  1.80
  1.90
  0.53
  4.47
  8.10
 10.90
 23.50
 25.70
 45.33
 34.43
 47.03
 51.87
 62.83
 55.50
 60.43
 68.37
 47.83
 61.80
 50.10
 63.30
 59.73
 81.40
 88.63
 64.60
 56.93
 43.87
 54.80
 70.57
 52.03
 30.43
 37.70
 33.83
 22.87
  7.30
  9.23
 14.20
 17.37
 11.40
  9.20
  6.40
  4.90
  6.50
  5.33
  4.37
 12.17
  3.00
  3.67
  2.57
 12.43
  9.53
 15.37
 36.63
 48.53
 41.97
 64.87
 75.17
 80.23
 71.50
 71.23
 87.57
 98.57
 82.97
 73.37
 93.90
 80.73
 64.03
 63.83
 71.97
 58.13
 61.93
 46.13
 40.17
 44.50
 36.43
 33.03
 20.77
 32.50
 18.67
 34.97
 20.87
 25.07
 25.97
 15.60
 14.13
  8.27
 10.43
 10.53
 14.43
  6.97
  5.90
  2.37
  5.33
  0.77
  2.50
  5.97
  1.40
  3.60
  9.23
 12.93
 19.00
 22.60
 43.00
 31.10
 41.47
 46.30
 48.93
 65.70
 45.43
 62.27
 80.47
 47.10
 58.73
 69.13
 40.47
 81.77
 45.30
 63.00
 58.07
 33.93
 48.83
 72.30
 39.10
 56.53
 30.30
 32.57
 56.13
 26.43
 14.30
 17.27
 16.33
  6.73
  9.23
  3.83
  3.00
  1.73
  4.33
  4.27
  4.03
  1.90
  0.30
  1.03
  2.53
  2.83
 11.30
  8.60
 15.63
 34.70
 47.70
 63.57
 43.50
 55.90
 71.33
 44.60
 56.43
 80.47
101.23
134.57
 99.30
 77.83
 72.20
 96.40
 75.87
 64.70
 83.70
 62.80
 43.23
 58.40
 28.93
 27.67
 35.57
 28.83
 29.43
 27.50
 18.77
 30.97
  8.27
  7.37
 10.37
  3.10
  6.13
  5.73
  8.13
  2.47
 18.70
 24.17
 21.53
 15.57
 40.67
 45.53
 75.47
 68.07
 58.77
 58.23
 70.47
 81.40
 77.23
 59.03
 58.50
 80.80
 83.00
 90.50
 56.90
 60.63
 60.97
 56.80
 81.03
 50.07
 34.60
 26.30
 31.93
 29.23
 23.70
 16.47
 15.50
 11.30
 17.10
  6.80
  9.37
 14.87
  3.77
  2.70
  1.30
  5.17
 12.57
  7.20
  9.93
 20.73
 28.40
 35.37
 59.63
 71.40
 66.50
 71.77
109.27
114.97
118.77
127.83
 96.03
101.37
108.63
123.53
104.67
 74.10
109.47
105.33
 66.10
 64.40
 66.33
 79.83
 60.57
 45.50
 40.70
 64.27
 39.47
 47.53
 32.37
 18.37
 24.13
 22.90
 15.93
 14.20
 12.27
  5.07
  2.60
 12.00
 18.70
 17.57
 32.93
 34.47
 47.40
 70.13
 78.03
105.93
115.93
126.30
171.67
172.03
136.03
 96.47
177.17
147.80
123.37
152.97
124.97
131.63
130.90
102.03
101.07
 75.83
 56.77
 58.57
100.67
 68.53
 49.93
 28.47
 29.63
 40.80
 26.73
 13.47
 20.70
 17.13
  4.10
  3.87
  0.93
  4.90
  7.93
 16.27
 23.97
 36.70
 74.87
105.33
121.30
157.30
182.90
150.87
180.17
193.67
234.70
186.03
180.93
197.60
173.80
182.07
168.00
164.80
120.13
118.17
117.27
127.67
 86.00
 52.33
 63.27
 63.20
 36.73
 44.87
 44.03
 31.63
 29.87
 20.43
 36.07
 30.53
 24.53
 16.50
  9.07
  5.70
  9.53
 14.47
 15.60
 12.53
 17.63
 25.97
 47.23
 52.70
 61.60
105.43
 74.43
 91.83
102.97
108.63
106.23
107.53
101.17
120.23
110.93
 95.37
 95.70
114.07
114.60
101.67
 88.43
 77.00
 59.70
 64.20
 65.70
 76.67
 77.23
 72.43
 49.40
 44.10
 46.53
 36.00
 25.97
 24.97
 38.60
 43.20
 30.87
 13.97
  8.50
 27.27
 12.10
 11.43
 14.47
 10.60
 13.70
 16.07
 23.33
 31.83
 38.70
 74.00
 92.50
 88.90
115.23
147.37
128.47
163.33
181.93
146.93
167.10
142.23
162.33
130.27
124.93
156.60
150.00
142.87
104.87
110.83
106.60
 67.27
 90.33
 68.10
 40.83
 75.30
 64.07
 26.20
 17.83
 16.53
 22.63
 15.23
 17.37
 13.60
 11.10
  9.77
 19.13
  9.17
 30.00
 35.20
 42.53
 58.40
 83.30
115.17
143.13
152.60
155.10
157.50
165.97
149.37
125.97
158.30
135.53
148.77
143.67
158.43
132.23
139.27
 79.60
 71.37
 87.70
 73.37
 57.77
 40.83
 46.97
 41.67
 20.63
 27.77
 29.40
 28.40
 14.70
 13.53
 13.37
