  1.97
 21.17
-15.97
-14.79
 -5.46
  5.00
 11.89
  1.65
 -2.23
-20.67
-14.81
-13.02
 -1.23
 23.70
 19.33
 -1.45
 -1.56
  8.10
 16.13
-16.75
 -6.66
-19.90
-11.44
-20.62
 12.57
  1.03
-75.71
 14.28
 -2.90
 -3.00
 52.33
  0.31
 -6.00
 14.67
  6.36
 -1.99
 -1.13
  5.40
-18.67
 10.48
 -0.46
 -1.57
  3.99
-10.02
 -3.50
 16.47
  0.43
  6.48
  0.54
 13.63
-14.57
  2.18
 -5.43
 -8.03
 28.26
  7.91
 -1.93
  8.23
-11.74
 11.91
 -3.50
 13.07
 -4.01
 16.75
 -1.96
  7.93
  6.96
  7.28
  2.14
-10.23
 -3.17
 -7.22
 -2.73
 10.20
 12.83
  1.98
 -5.96
 15.93
 -3.71
 -2.25
  6.94
-26.13
  6.76
-11.89
 -5.76
  0.97
 48.33
 -0.42
 19.57
 39.80
  8.19
 14.38
  1.74
 11.83
 21.99
 23.61
 -2.80
 11.80
-21.11
 -5.19
 -7.63
  6.53
-21.14
-14.75
  1.20
-11.43
 19.93
 -6.65
 -1.10
 -3.90
  8.06
 -1.02
 -6.36
 19.33
-84.94
-20.99
 -2.16
-11.40
 23.96
-15.55
 11.20
-18.83
-27.21
 -4.55
 -6.53
-20.33
 -0.21
  1.41
 -4.90
-15.57
 15.06
 22.41
 -1.33
 12.40
-39.31
-10.25
  5.64
-25.50
-21.04
-15.65
 12.27
 -4.70
  4.86
 -6.52
  8.47
 -3.07
-21.77
-21.05
 -1.30
-19.87
 26.86
-23.35
 -4.66
 26.73
 -3.07
-16.29
 -7.10
  8.83
 11.53
  8.85
  0.90
  4.70
-48.31
  1.75
 -0.06
-23.00
  3.79
  1.41
  3.20
 21.20
-39.81
 -2.79
 -3.63
  5.83
 15.96
-14.35
 14.77
  1.23
-21.61
  9.71
 -8.36
  9.50
 20.93
 26.95
  4.54
 22.33
 33.73
 25.15
 -3.90
 15.30
-73.04
-15.72
  7.44
  3.00
  5.46
  7.75
  5.34
-10.43
-37.44
-13.69
  1.30
 -4.47
  3.33
-10.09
 -2.40
 -2.57
 -0.01
  1.81
  4.67
-29.30
 13.59
 -8.25
 -4.16
-22.67
 21.03
  4.95
 -7.63
 18.73
-24.07
  4.28
 11.54
-27.23
 44.13
-16.85
  2.87
 -4.50
  1.09
  3.85
  2.64
 -8.03
-25.04
 12.45
  1.27
  9.07
-16.81
  6.05
 -2.36
  3.23
-19.14
 15.38
 -2.56
-20.97
 24.56
 26.35
 -3.40
-14.03
  0.86
  6.21
 -0.03
 32.43
 28.26
  2.78
 -2.66
  6.80
  7.06
 -3.92
 -2.43
-17.63
  4.86
-15.32
  4.84
 33.27
 -6.64
  7.58
  5.00
  3.10
 -0.84
  1.91
  0.90
 26.87
 -6.44
 -7.32
  0.84
-12.37
-15.57
  2.61
  6.64
  4.63
 -1.61
  4.18
 -0.60
  2.07
-41.61
 -4.09
  3.70
  2.80
 31.73
-13.09
  6.80
  7.67
  8.73
  0.08
 19.57
-13.67
 31.46
  4.68
 -1.66
 -2.93
 21.09
 -4.85
 -3.86
 20.43
  2.49
 28.35
  1.74
-16.37
 44.69
 -8.42
  4.17
  0.37
 11.59
 10.25
 -6.16
  4.47
 25.69
 -2.89
  2.37
-14.40
 13.79
 -9.29
 -1.00
 -1.23
-35.01
 -1.95
 -3.26
  3.90
-19.17
 -4.95
 -1.73
 -7.27
 25.96
 -3.82
  0.70
-13.30
 19.46
 -8.39
 -2.63
 10.67
 20.53
 22.35
 -2.33
 25.17
 28.86
 29.88
  6.17
 -9.40
-15.17
 -9.35
 -3.86
-12.90
 28.46
  7.25
  0.34
 -1.23
 32.66
 12.95
 -1.86
 -9.20
  1.59
  0.01
  6.14
 10.00
 48.13
 10.38
 -2.40
-14.50
  4.99
  2.68
 -4.13
 -3.50
  5.49
  3.81
 -7.80
 -9.93
 29.99
 -4.92
 -3.10
-24.23
-29.97
-15.39
 -4.63
 -2.70
-38.21
  5.58
  8.54
-14.97
  9.93
 -5.19
  2.74
-15.70
-23.57
 -6.39
 -7.53
-13.73
  7.09
 -0.95
  5.74
 16.93
 13.36
 -7.92
 -2.66
 31.17
 -7.14
  2.91
 -6.23
-18.07
-52.84
 -3.39
 -4.86
-10.90
 27.79
 14.38
 -6.46
-17.80
-15.57
  0.78
 -2.96
 -1.67
 31.23
  9.75
 -4.50
-11.27
  8.69
 -7.59
 -5.90
 22.37
  1.99
 16.31
  3.20
 10.37
  6.96
  0.65
  4.27
-14.13
-41.51
  8.68
 -4.10
 13.83
 -7.07
 -8.79
  3.17
 -5.87
  8.19
 -9.09
  4.57
 -8.50
-27.74
 -5.19
 -2.80
 -4.70
 43.03
  2.71
  5.30
 -0.43
 -8.71
-13.05
 -1.80
-11.40
-23.17
  8.68
  3.80
  3.30
-41.14
  1.95
 -0.50
-19.97
-35.84
 14.65
 -2.16
 -1.17
 38.69
-12.45
 -3.26
  0.20
 -1.91
-14.89
  5.20
 22.57
 15.86
  7.55
 -2.66
  6.33
-28.37
 -3.62
 -6.23
-18.67
 -8.37
  0.78
 -0.50
 12.00
  7.89
  6.58
  2.77
 16.57
 11.36
  0.91
