 0.75
-2.48
-2.41
-1.84
-2.55
-1.61
-0.04
 0.16
 1.85
 0.19
 1.19
 0.46
 2.05
-0.61
-1.01
 0.73
-2.75
-0.11
-0.08
-1.84
 0.55
 0.89
 0.29
-2.00
 1.51
 0.69
-1.48
-1.00
-0.59
 1.05
 0.66
 1.20
 2.41
 1.22
-0.51
-0.90
-3.89
-4.55
-1.94
-2.37
-1.55
-0.81
 1.99
 1.54
 0.11
-0.41
-0.66
-0.11
-0.76
 0.09
 1.34
 0.06
-0.52
 0.35
 0.99
 0.70
 2.05
 1.09
 2.29
 2.36
 0.35
-0.88
-1.84
-1.44
-2.69
-1.75
-0.84
-1.04
-0.72
-0.88
-1.21
-1.77
 0.11
-1.50
-2.29
-1.50
-3.61
-0.69
 1.28
-0.01
-0.49
 0.55
 2.22
 1.63
 2.01
 2.62
 4.69
 3.20
 1.78
 0.92
-1.54
-0.97
-2.89
-0.95
-1.28
-1.97
-0.55
 0.05
 0.92
 0.16
 1.54
 0.75
-0.04
 1.23
 1.28
-0.31
 0.16
 1.26
 0.98
 0.35
-2.48
-1.00
-0.29
 0.12
 1.22
 1.16
 2.08
 0.25
-1.68
-2.00
-4.05
-2.31
-2.08
-1.17
 1.28
 0.79
-0.42
-0.37
 0.68
 0.02
 0.92
 1.23
 2.51
-0.35
-0.01
 1.20
 1.18
-0.35
-0.88
-0.00
-0.39
 1.59
 0.34
-0.26
-0.50
-0.89
-1.57
-0.47
-0.79
 0.15
 0.12
 0.86
 0.31
 0.39
-1.54
 0.46
 0.71
-0.21
 0.36
 0.10
-0.25
 0.29
-0.24
-0.84
 0.45
 0.05
-0.21
-0.17
 0.38
 1.42
 1.92
 1.50
 2.11
 0.22
-0.31
-2.10
-1.15
-1.88
-2.94
-2.87
-2.65
-1.41
-2.64
-2.37
-1.75
 0.25
 0.49
 0.93
 1.41
 0.25
 0.72
-0.10
-0.19
-0.51
-0.28
-0.77
 1.38
-0.05
 1.12
 0.16
-0.22
-1.35
-1.78
-1.34
-0.15
-0.75
 1.36
 0.46
-0.89
-0.01
-0.74
-0.04
-0.25
-0.78
-0.34
 0.26
 2.41
 1.99
 1.96
 2.83
 0.85
-1.02
-1.75
-1.81
-1.18
 0.25
-0.12
-0.81
-0.81
-1.38
-1.82
-0.71
-0.18
 0.22
 0.68
 0.82
 0.65
 0.82
 2.35
 2.02
 2.05
 1.55
 1.12
 1.55
-0.11
-0.68
-1.05
-1.05
-1.88
-0.45
 0.28
-0.91
-1.18
-0.05
-0.55
 1.12
 0.19
 0.35
 0.88
 0.59
-1.28
 0.22
-0.05
 0.75
 0.55
 0.68
 0.38
 0.62
 1.12
-0.12
-0.75
-2.28
-0.08
 0.75
 1.72
 0.42
-0.11
-1.08
-2.62
-1.61
-2.11
-0.68
-0.02
-0.58
 2.25
-0.15
 0.55
-0.88
 0.59
 0.92
 0.08
-0.41
-1.58
-0.75
-1.28
-0.65
-1.55
 0.25
 0.52
 2.49
 2.29
 1.32
 1.62
 1.22
 0.75
-1.92
-2.35
-1.81
-1.18
 0.45
 1.58
 2.89
 3.65
 0.92
 1.55
 0.32
 0.55
 1.38
 3.35
 2.75
 2.35
 0.05
-2.02
 0.19
-0.41
-1.65
-1.98
-2.35
-2.51
 0.52
 0.32
-0.58
-0.18
 0.08
 0.45
-1.08
-0.41
-0.92
-0.42
-0.55
-1.25
 0.65
 0.82
-0.11
 0.69
-1.32
-3.38
-4.31
-6.45
-0.68
-0.05
-0.08
-0.08
-0.38
 0.12
-0.41
 0.45
 0.22
 0.22
-0.48
-0.35
 0.12
-0.68
-1.51
-2.55
-2.82
-2.35
-0.81
-0.48
 0.18
 2.35
 2.35
 1.79
 1.68
 0.35
-0.28
-2.01
 0.52
-0.52
-0.58
-0.45
-1.62
-1.48
-2.41
-4.11
-1.35
-0.42
-1.91
-1.85
-1.95
-1.82
-0.88
-0.91
-1.98
-2.85
-2.08
-0.45
-1.08
 0.32
-0.58